lllllllllllllllllllllllllllllllllllllllllllllllllllllllllllllllll
lllllllllllllllllllllllllllllllllllllllllllllllllllllllllllllllll
lllllllllllllllllllllllllllllllllllllllllllllllllllllllllllllllll
lllllllllllllllllllllllllllllllllllllllllllllllllllllllllllllllll
lllllllllllllllllllllllllllllllllllllllllllllllllllllllllllllllll
lllllllllllllllllllllllllllllllllllllllllllllllllllllllllllllllll
lllllllllllllllllllllllllllllllllllllllllllllllllllllllllllllllll
lllllllllllllllllllllllllllllllllllllllllllllllllllllllllllllllll
lllllllllllllllllllllllllllllllllllllllllllllllllllllllllllllllll
lllllllllllllllllllllllllllllllllllllllllllllllllllllllllllllllll
lllllllllllllllllllllllllllllllllllllllllllllllllllllllllllllllll
lllllllllllllllllllllllllllllllllllllllllllllllllllllllllllllllll
2222222222222222222222222222222222222222222222222222222222222222222222222
2222222222222222222222222222222222222222222222222222222222222222222222222
2222222222222222222222222222222222222222222222222222222222222222222222222
2222222222222222222222222222222222222222222222222222222222222222222222222
2222222222222222222222222222222222222222222222222222222222222222222222222
2222222222222222222222222222222222222222222222222222222222222222222222222
33333333333333333333333333333333333333333
33333333333333333333333333333333333333333
33333333333333333333333333333333333333333
33333333333333333333333333333333333333333
33333333333333333333333333333333333333333
33333333333333333333333333333333333333333
33333333333333333333333333333333333333333
33333333333333333333333333333333333333333
33333333333333333333333333333333333333333
33333333333333333333333333333333333333333
44444444444444444444444444444444444444444444444444
44444444444444444444444444444444444444444444444444
44444444444444444444444444444444444444444444444444
44444444444444444444444444444444444444444444444444
44444444444444444444444444444444444444444444444444
44444444444444444444444444444444444444444444444444
44444444444444444444444444444444444444444444444444
44444444444444444444444444444444444444444444444444
44444444444444444444444444444444444444444444444444
44444444444444444444444444444444444444444444444444
44444444444444444444444444444444444444444444444444
44444444444444444444444444444444444444444444444444
44444444444444444444444444444444444444444444444444
44444444444444444444444444444444444444444444444444
44444444444444444444444444444444444444444444444444
44444444444444444444444444444444444444444444444444
44444444444444444444444444444444444444444444444444
44444444444444444444444444444444444444444444444444
44444444444444444444444444444444444444444444444444
44444444444444444444444444444444444444444444444444
44444444444444444444444444444444444444444444444444
44444444444444444444444444444444444444444444444444
44444444444444444444444444444444444444444444444444
44444444444444444444444444444444444444444444444444
44444444444444444444444444444444444444444444444444
44444444444444444444444444444444444444444444444444
44444444444444444444444444444444444444444444444444
44444444444444444444444444444444444444444444444444
44444444444444444444444444444444444444444444444444
44444444444444444444444444444444444444444444444444
44444444444444444444444444444444444444444444444444
44444444444444444444444444444444444444444444444444
44444444444444444444444444444444444444444444444444
44444444444444444444444444444444444444444444444444
44444444444444444444444444444444444444444444444444
44444444444444444444444444444444444444444444444444
44444444444444444444444444444444444444444444444444
44444444444444444444444444444444444444444444444444
44444444444444444444444444444444444444444444444444
44444444444444444444444444444444444444444444444444
44444444444444444444444444444444444444444444444444
44444444444444444444444444444444444444444444444444
44444444444444444444444444444444444444444444444444
44444444444444444444444444444444444444444444444444
44444444444444444444444444444444444444444444444444
44444444444444444444444444444444444444444444444444
44444444444444444444444444444444444444444444444444
44444444444444444444444444444444444444444444444444
44444444444444444444444444444444444444444444444444
44444444444444444444444444444444444444444444444444
44444444444444444444444444444444444444444444444444
44444444444444444444444444444444444444444444444444
44444444444444444444444444444444444444444444444444
44444444444444444444444444444444444444444444444444
44444444444444444444444444444444444444444444444444
44444444444444444444444444444444444444444444444444
44444444444444444444444444444444444444444444444444
44444444444444444444444444444444444444444444444444
44444444444444444444444444444444444444444444444444
44444444444444444444444444444444444444444444444444
44444444444444444444444444444444444444444444444444
44444444444444444444444444444444444444444444444444
44444444444444444444444444444444444444444444444444
44444444444444444444444444444444444444444444444444
44444444444444444444444444444444444444444444444444
44444444444444444444444444444444444444444444444444
44444444444444444444444444444444444444444444444444
44444444444444444444444444444444444444444444444444
44444444444444444444444444444444444444444444444444
44444444444444444444444444444444444444444444444444
44444444444444444444444444444444444444444444444444
44444444444444444444444444444444444444444444444444
44444444444444444444444444444444444444444444444444
44444444444444444444444444444444444444444444444444
44444444444444444444444444444444444444444444444444
44444444444444444444444444444444444444444444444444
44444444444444444444444444444444444444444444444444
44444444444444444444444444444444444444444444444444
44444444444444444444444444444444444444444444444444
44444444444444444444444444444444444444444444444444
44444444444444444444444444444444444444444444444444
44444444444444444444444444444444444444444444444444
44444444444444444444444444444444444444444444444444
44444444444444444444444444444444444444444444444444
44444444444444444444444444444444444444444444444444
44444444444444444444444444444444444444444444444444
44444444444444444444444444444444444444444444444444
44444444444444444444444444444444444444444444444444
44444444444444444444444444444444444444444444444444
44444444444444444444444444444444444444444444444444
44444444444444444444444444444444444444444444444444
44444444444444444444444444444444444444444444444444
44444444444444444444444444444444444444444444444444
44444444444444444444444444444444444444444444444444
